

## Colors 

cols <- c("#1b9e77", "#d95f02", "#7570b3", "#e7298a")







